run_type={'backend': 'qasm_noise_model', 'device': 'ibmq_santiago', 'noise_mitigation': True}

encoding  = 'unary' 
Optimizer = cobyla   

symmetric_ansatz = False  
reduce_states    = True 


n_bosons = 3   
min_u    = 0   
max_u    = 10  
n_points = 20

u=[0.0, 0.5, 1.0, 1.5, 2.0, 2.5, 3.0, 3.5, 4.0, 4.5, 5.0, 5.5, 6.0, 6.5, 7.0, 7.5, 8.0, 8.5, 9.0, 9.5]

VQE_data={
{'energy_residuals': 0.4464785749854201,
 'entropies': [1.9431580124008,
               1.9223969657129116,
               1.7411533875841467,
               1.601874588828759,
               1.514278502826934,
               1.5100310879139096,
               1.3892322349380501,
               1.34421070192432,
               1.1468916672705431,
               1.054075430137466,
               1.1561801172531885,
               1.1732619119974066,
               0.8850319588182046,
               0.8373904776501016,
               0.8453641494108723,
               0.7766634058880767,
               0.726135285879066,
               0.8417870897701131,
               0.8229905205094189,
               0.5734743228307303],
 'fidelities': [],
 'fidelitites': [0.9941649677028117,
                 0.9909083472598876,
                 0.9904835635627676,
                 0.9981976935610432,
                 0.9971011413296542,
                 0.9901175377629625,
                 0.9960211037496459,
                 0.9932136279208548,
                 0.9948481613840567,
                 0.9938603439137367,
                 0.9935760567927902,
                 0.9857436966700069,
                 0.9917978523908598,
                 0.9940822535576589,
                 0.9898752832671125,
                 0.9909547992772881,
                 0.9877762957506696,
                 0.9888771264796415,
                 0.9858843041639784,
                 0.9916417243422945],
 'optimal_points': [[2.7280249936108527,
                     1.9569507213882156,
                     1.4435081378979964,
                     0.7668351924229637],
                    [2.85640936852755,
                     2.0432674573657685,
                     1.485084126499596,
                     0.913624577060869],
                    [2.8327188858822527,
                     2.2340855138205575,
                     1.3917455029203318,
                     0.3909347284049751],
                    [2.925306688109406,
                     2.2129543855528286,
                     1.098816519899729,
                     0.43474825066604483],
                    [3.0161629409428397,
                     2.203163032233292,
                     1.0148863826224852,
                     0.406284228231569],
                    [2.903692194927121,
                     2.2187252962341155,
                     0.9689338002520572,
                     0.2882741716554047],
                    [3.0223611528121745,
                     2.3511385185255467,
                     0.9278327209785212,
                     0.2709809882740461],
                    [2.9996122306046535,
                     2.3581779565127983,
                     0.8282559820033066,
                     0.3273462360992261],
                    [3.0608393837168797,
                     2.4748238871216093,
                     0.6928928844233821,
                     0.2148622473846464],
                    [3.0725965179879373,
                     2.517491300797262,
                     0.6548890245642881,
                     0.20017150469422365],
                    [3.0860856876269285,
                     2.486957003261624,
                     0.7216304247137937,
                     0.1788954466847182],
                    [2.9976410524360846,
                     2.401878941085921,
                     0.6794738963101858,
                     0.18269197083892186],
                    [3.114322966954514,
                     2.6307740795856005,
                     0.5339244229004154,
                     0.4048110332685816],
                    [3.081499222399617,
                     2.654007456563932,
                     0.5194949049504994,
                     0.021619407350341673],
                    [3.0540053507083362,
                     2.7096223258860745,
                     0.5076235473385009,
                     0.20374698964894877],
                    [3.108282183793974,
                     2.6949175722371077,
                     0.45118771273421243,
                     0.12741799491767225],
                    [3.198359376414927,
                     2.676454741996298,
                     0.3757821926992256,
                     -0.013595383706100994],
                    [3.158152583681181,
                     2.6253802352044273,
                     0.47790464246121755,
                     0.09041569793836794],
                    [3.099248139315167,
                     2.6717691993221577,
                     0.4700510097037662,
                     -0.015745815206301403],
                    [3.1034945862750094,
                     2.8595460308353546,
                     0.3404037651418671,
                     -0.016161879225403814]],
 'visibilities': [0.9900094033445579,
                  0.9954180989461938,
                  0.9553938203512085,
                  0.9289962319120264,
                  0.9374151743169646,
                  0.9075383576464634,
                  0.8844706491291554,
                  0.8654197118117323,
                  0.8784369887466787,
                  0.8263619543535191,
                  0.8525810897640924,
                  0.8410652498724507,
                  0.8265212892346245,
                  0.8301494928514871,
                  0.8363796594434024,
                  0.8745836496656049,
                  0.8181432075373536,
                  0.8188818031600854,
                  0.8295406618287521,
                  0.8102809265409072]}
}

Exact_values={
{'entropies': [2.0306390622295662,
               1.8192244640958182,
               1.6647171248158428,
               1.545018782246935,
               1.4442307514556503,
               1.3541600839084087,
               1.27091559482364,
               1.1927608199580018,
               1.1189927425534545,
               1.0493708890359268,
               0.9838303398720337,
               0.9223431789461708,
               0.8648581015825653,
               0.8112804268514598,
               0.7614718362481959,
               0.7152585749712306,
               0.6724421834854425,
               0.6328098506210262,
               0.5961431568132465,
               0.5622248647995673],
 'visibilities': [1.0000000097040913,
                  0.9879869970520072,
                  0.9632741326186464,
                  0.9361296104018273,
                  0.9106835952920942,
                  0.88815981366674,
                  0.8686367208608223,
                  0.8518091829905282,
                  0.8372859657154846,
                  0.824695653418954,
                  0.8137177820276593,
                  0.8040863013149792,
                  0.7955835009093031,
                  0.788032180649071,
                  0.7812879767680965,
                  0.7752326584963178,
                  0.769769112661008,
                  0.7648169770439438,
                  0.7603093658594225,
                  0.7561902202262989]}
}
