run_type={'backend': 'qasm_noise_model', 'device': 'ibmq_santiago', 'noise_mitigation': True}

encoding  = 'unary' 
Optimizer = cobyla   

symmetric_ansatz = False  
reduce_states    = True 


n_bosons = 3   
min_u    = 0   
max_u    = 10  
n_points = 20

u=[0.0, 0.5, 1.0, 1.5, 2.0, 2.5, 3.0, 3.5, 4.0, 4.5, 5.0, 5.5, 6.0, 6.5, 7.0, 7.5, 8.0, 8.5, 9.0, 9.5]

VQE_data={
{'energy_residuals': 0.11728934125503798,
 'entropies': [1.726835652488525,
               1.7240349555278847,
               1.5109592630193152,
               1.41515073718057,
               1.437637158239842,
               1.3460269878432352,
               1.2879726679554853,
               1.2448850789452444,
               1.2714472157478278,
               1.165109298673228,
               1.212798576051945,
               1.1909013104600235,
               1.1619968377110201,
               1.1687538186179802,
               1.1813298963494177,
               1.263086378754295,
               1.1474156564698887,
               1.1472105211460077,
               1.166122514155514,
               1.1334597741030963],
 'fidelities': [],
 'fidelitites': [0.9939521715979268,
                 0.9986711098809482,
                 0.998417306381128,
                 0.9987422397499373,
                 0.998068034909983,
                 0.9991444698463208,
                 0.9971985411028454,
                 0.9975122046363846,
                 0.9971638145869384,
                 0.9968266708854312,
                 0.9978429398620607,
                 0.9957957835799257,
                 0.9970921921446892,
                 0.9978027602947821,
                 0.9960427979940369,
                 0.9859299927661376,
                 0.995320785396205,
                 0.995140736257226,
                 0.9917894700593647,
                 0.9968547927918577],
 'optimal_points': [[-2.4561731676830956,
                     -4.52204867614112,
                     0.8292750196526711],
                    [-2.5320077590077856,
                     -4.582415462868346,
                     0.9069135539712043],
                    [-2.6346922939078694,
                     -4.566066867297457,
                     0.6158164827763538],
                    [-2.7190137641374266,
                     -4.596572951961841,
                     0.501054630615811],
                    [-2.7483639040149086,
                     -4.636590192152513,
                     0.5772179229700948],
                    [-2.80380799481739, -4.649169155673509, 0.5088362978913512],
                    [-2.8627319914417426,
                     -4.555372784416402,
                     0.3522213957546708],
                    [-2.8888209784416485,
                     -4.601209197366227,
                     0.28973173795429513],
                    [-2.900334899528693,
                     -4.691398704843805,
                     0.3936355324119231],
                    [-3.0118723805953933,
                     -4.770373608966628,
                     0.2972103546321154],
                    [-2.9433754748465413,
                     -4.702034669871431,
                     0.2849069617542068],
                    [-2.9398456039050695,
                     -4.565057456298598,
                     0.245946309452841],
                    [-2.9657078156708576,
                     -4.602194591855073,
                     0.17320008151536176],
                    [-2.9856047114963076,
                     -4.683091153008695,
                     0.2059755526050173],
                    [-2.9769861924059713,
                     -4.682772886228434,
                     0.26926523849969064],
                    [-2.932339560105339,
                     -4.615488101610312,
                     0.4234844578783575],
                    [-3.0002004612865325,
                     -4.598796686353455,
                     0.13310480879066544],
                    [-3.028029291405362,
                     -4.605602246377765,
                     0.1706010020627518],
                    [-2.9485698008848606,
                     -4.774315799828272,
                     0.1857639099432241],
                    [-3.0204437699013504,
                     -4.707459570414067,
                     0.1786877992844041]],
 'visibilities': [0.9900094033445579,
                  0.9954180989461938,
                  0.9553938203512085,
                  0.9289962319120264,
                  0.9374151743169646,
                  0.9075383576464634,
                  0.8844706491291554,
                  0.8654197118117323,
                  0.8784369887466787,
                  0.8263619543535191,
                  0.8525810897640924,
                  0.8410652498724507,
                  0.8265212892346245,
                  0.8301494928514871,
                  0.8363796594434024,
                  0.8745836496656049,
                  0.8181432075373536,
                  0.8188818031600854,
                  0.8295406618287521,
                  0.8102809265409072]}
}

Exact_values={
{'entropies': [1.8112781244591325,
               1.663783467001555,
               1.5351837586628299,
               1.4331316055744425,
               1.35457890266527,
               1.2942919501275267,
               1.247624451163515,
               1.2110288333999906,
               1.1819235937955823,
               1.1584524551730504,
               1.1392764288321002,
               1.1234202591610927,
               1.1101647554625838,
               1.0989724767736353,
               1.0894364528291693,
               1.0812445554806247,
               1.07415448790619,
               1.0679760192843653,
               1.0625582101838502,
               1.05778011372249],
 'visibilities': [1.0000000097040913,
                  0.9879869970520072,
                  0.9632741326186464,
                  0.9361296104018273,
                  0.9106835952920942,
                  0.88815981366674,
                  0.8686367208608223,
                  0.8518091829905282,
                  0.8372859657154846,
                  0.824695653418954,
                  0.8137177820276593,
                  0.8040863013149792,
                  0.7955835009093031,
                  0.788032180649071,
                  0.7812879767680965,
                  0.7752326584963178,
                  0.769769112661008,
                  0.7648169770439438,
                  0.7603093658594225,
                  0.7561902202262989]}
}
