run_type={'backend': 'qasm_noise_model', 'device': 'ibmq_santiago', 'noise_mitigation': True}

encoding  = 'unary' 
Optimizer = cobyla   

symmetric_ansatz = False  
reduce_states    = True 


n_bosons = 3   
min_u    = 0   
max_u    = 10  
n_points = 20

u=[0.0, 0.5, 1.0, 1.5, 2.0, 2.5, 3.0, 3.5, 4.0, 4.5, 5.0, 5.5, 6.0, 6.5, 7.0, 7.5, 8.0, 8.5, 9.0, 9.5]

VQE_data={
{'energy_residuals': -0.057774598506949104,
 'entropies': [1.5338443500012053,
               1.4484911103680427,
               1.3902040695940463,
               1.2846802891802804,
               1.3388799065385821,
               1.0941380395979379,
               1.2122342850842935,
               1.0465088816341088,
               1.2230356024022022,
               0.9858988894845284,
               1.0374743579532164,
               0.8249568309282371,
               0.8599749199334334,
               0.8418505868708483,
               0.5795577566600322,
               0.6087940345363049,
               0.6188077599167683,
               0.43058874740210396,
               0.5870961979021789,
               0.5354198186663612],
 'fidelities': [],
 'fidelitites': [0.9958842912093838,
                 0.9958356037003442,
                 0.9930098091170884,
                 0.9901693175104695,
                 0.9870820075437831,
                 0.9982038526759266,
                 0.978415540522013,
                 0.9904866133137354,
                 0.9562245564411079,
                 0.980473205301699,
                 0.9694022368786066,
                 0.9855041653458971,
                 0.9792170345803856,
                 0.975734847579794,
                 0.9921404859101381,
                 0.9888078624450808,
                 0.987831010047842,
                 0.9975695675099537,
                 0.9820486561640113,
                 0.9881531377988674],
 'optimal_points': [[4.140661134519869, -1.327809342551149],
                    [4.221625128179404, -1.0749320803592868],
                    [4.198638448866839, -0.963090933578562],
                    [4.124606267043202, -0.7997444435695428],
                    [4.051538462886675, -0.92676805095608],
                    [3.8353083672792447, -0.8138352165670323],
                    [3.820188171609415, -0.9559984683795449],
                    [3.9118136592931285, -0.6747773488048209],
                    [3.9958622263660217, -0.8447668667996059],
                    [3.8928265856926934, -0.5981392512950731],
                    [3.8296918195531053, -0.7250071883425332],
                    [3.7731440249526353, -0.49326961832242416],
                    [3.6961631315319465, -0.6229211820593786],
                    [3.672253283149229, -0.6365174011203641],
                    [3.655095348667421, -0.31717988055395857],
                    [3.503564889901703, -0.5107339628213358],
                    [3.542330136750655, -0.4801088104640312],
                    [3.464918073527474, -0.3387060102251803],
                    [3.6630491304279893, -0.32444648083199473],
                    [3.529918743812813, -0.368224537883193]],
 'visibilities': [0.9900094033445579,
                  0.9954180989461938,
                  0.9553938203512085,
                  0.9289962319120264,
                  0.9374151743169646,
                  0.9075383576464634,
                  0.8844706491291554,
                  0.8654197118117323,
                  0.8784369887466787,
                  0.8263619543535191,
                  0.8525810897640924,
                  0.8410652498724507,
                  0.8265212892346245,
                  0.8301494928514871,
                  0.8363796594434024,
                  0.8745836496656049,
                  0.8181432075373536,
                  0.8188818031600854,
                  0.8295406618287521,
                  0.8102809265409072]}
}

Exact_values={
{'entropies': [1.5,
               1.426856346453125,
               1.3358738698664039,
               1.233581058655341,
               1.1268828273521827,
               1.021627542448642,
               0.9219280948873625,
               0.8301600321144682,
               0.7473226460995824,
               0.6734852313247676,
               0.6081698656511256,
               0.5506262372015011,
               0.5000071187201853,
               0.4554699360316614,
               0.41622943364307485,
               0.38158048830916313,
               0.350903917894606,
               0.32366332649340557,
               0.29939775039828753,
               0.27771279184770564],
 'visibilities': [1.0000000097040913,
                  0.9879869970520072,
                  0.9632741326186464,
                  0.9361296104018273,
                  0.9106835952920942,
                  0.88815981366674,
                  0.8686367208608223,
                  0.8518091829905282,
                  0.8372859657154846,
                  0.824695653418954,
                  0.8137177820276593,
                  0.8040863013149792,
                  0.7955835009093031,
                  0.788032180649071,
                  0.7812879767680965,
                  0.7752326584963178,
                  0.769769112661008,
                  0.7648169770439438,
                  0.7603093658594225,
                  0.7561902202262989]}
}